import numpy as np
import cv2

arr = np.array([[0, 0, 0, 0, 0, 0, 0, 0],
    [0, 150, 150, 150, 255, 255, 255, 0],
    [0, 150, 150, 255, 255, 255, 255, 0],
    [0, 150, 255, 255, 255, 255, 255, 0],
    [0, 255, 255, 255, 255, 255, 255, 0],
    [0, 255, 255, 255, 255, 255, 255, 0],
    [0, 255, 255, 255, 255, 255, 255, 0],
    [0, 0, 0, 0, 0, 0, 0, 0]], dtype=np.uint8)

n_arr = np.array([
    [150, 150, 150, 255, 255, 255],
    [150, 150, 255, 255, 255, 255],
    [150, 255, 255, 255, 255, 255],
    [255, 255, 255, 255, 255, 255],
    [255, 255, 255, 255, 255, 255],
    [255, 255, 255, 255, 255, 255]], dtype=np.uint8)

G_x = cv2.Sobel(n_arr, cv2.CV_32F, 1, 0, ksize=3)
G_y = cv2.Sobel(n_arr, cv2.CV_32F, 0, 1, ksize=3)

G = (np.sqrt(G_x**2 + G_y**2)).round()

print(G)


